# Blender 4.0.2
# www.blender.org
mtllib leaganBun.mtl
o Cube.010
v 3.119224 -0.126223 2.742940
v 3.113958 0.092003 2.739956
v 3.118264 -0.126218 2.744964
v 3.112998 0.092008 2.741980
v 3.120684 -0.126178 2.743633
v 3.115418 0.092048 2.740648
v 3.119725 -0.126173 2.745656
v 3.114459 0.092053 2.742672
vn -0.9033 -0.0277 -0.4281
vn -0.4283 0.0020 0.9036
vn 0.9033 0.0277 0.4281
vn 0.4283 -0.0020 -0.9036
vn 0.0241 -0.9996 0.0137
vn -0.0241 0.9996 -0.0137
vt 0.375000 0.000000
vt 0.625000 0.000000
vt 0.625000 0.250000
vt 0.375000 0.250000
vt 0.625000 0.500000
vt 0.375000 0.500000
vt 0.625000 0.750000
vt 0.375000 0.750000
vt 0.625000 1.000000
vt 0.375000 1.000000
vt 0.125000 0.500000
vt 0.125000 0.750000
vt 0.875000 0.500000
vt 0.875000 0.750000
s 0
usemtl Material.010
f 1/1/1 3/4/1 4/3/1 2/2/1
f 3/4/2 7/6/2 8/5/2 4/3/2
f 7/6/3 5/8/3 6/7/3 8/5/3
f 5/8/4 1/10/4 2/9/4 6/7/4
f 3/11/5 1/12/5 5/8/5 7/6/5
f 8/5/6 6/7/6 2/14/6 4/13/6
o Cube.011
v 3.120111 -0.128534 2.647226
v 3.116728 0.089740 2.645134
v 3.119151 -0.128529 2.649250
v 3.115769 0.089745 2.647158
v 3.121572 -0.128504 2.647918
v 3.118189 0.089769 2.645826
v 3.120612 -0.128500 2.649942
v 3.117230 0.089774 2.647850
vn -0.9035 -0.0181 -0.4282
vn -0.4283 0.0020 0.9036
vn 0.9035 0.0181 0.4282
vn 0.4283 -0.0020 -0.9036
vn 0.0155 -0.9998 0.0096
vn -0.0155 0.9998 -0.0096
vt 0.375000 0.000000
vt 0.625000 0.000000
vt 0.625000 0.250000
vt 0.375000 0.250000
vt 0.625000 0.500000
vt 0.375000 0.500000
vt 0.625000 0.750000
vt 0.375000 0.750000
vt 0.625000 1.000000
vt 0.375000 1.000000
vt 0.125000 0.500000
vt 0.125000 0.750000
vt 0.875000 0.500000
vt 0.875000 0.750000
s 0
usemtl Material.011
f 9/15/7 11/18/7 12/17/7 10/16/7
f 11/18/8 15/20/8 16/19/8 12/17/8
f 15/20/9 13/22/9 14/21/9 16/19/9
f 13/22/10 9/24/10 10/23/10 14/21/10
f 11/25/11 9/26/11 13/22/11 15/20/11
f 16/19/12 14/21/12 10/28/12 12/27/12
o Cube.012
v 3.096663 -0.116887 2.750151
v 3.096328 -0.122361 2.750139
v 3.097363 -0.116680 2.639072
v 3.097028 -0.122153 2.639060
v 3.138566 -0.119454 2.750411
v 3.138230 -0.124927 2.750398
v 3.139265 -0.119246 2.639332
v 3.138930 -0.124719 2.639319
vn -0.9981 0.0611 -0.0062
vn 0.0063 0.0019 -1.0000
vn 0.9981 -0.0611 0.0062
vn -0.0063 -0.0019 1.0000
vn 0.0611 0.9981 0.0023
vn -0.0611 -0.9981 -0.0023
vt 0.375000 0.000000
vt 0.625000 0.000000
vt 0.625000 0.250000
vt 0.375000 0.250000
vt 0.625000 0.500000
vt 0.375000 0.500000
vt 0.625000 0.750000
vt 0.375000 0.750000
vt 0.625000 1.000000
vt 0.375000 1.000000
vt 0.125000 0.500000
vt 0.125000 0.750000
vt 0.875000 0.500000
vt 0.875000 0.750000
s 0
usemtl Material.012
f 17/29/13 19/32/13 20/31/13 18/30/13
f 19/32/14 23/34/14 24/33/14 20/31/14
f 23/34/15 21/36/15 22/35/15 24/33/15
f 21/36/16 17/38/16 18/37/16 22/35/16
f 19/39/17 17/40/17 21/36/17 23/34/17
f 24/33/18 22/35/18 18/42/18 20/41/18
